bitrate=1536.0kbits/s
total_size=917028
out_time_us=4776188
out_time_ms=4776188
out_time=00:00:04.776188
dup_frames=0
drop_frames=0
speed=9.14x
progress=continue
bitrate=1536.0kbits/s
total_size=917096
out_time_us=4776542
out_time_ms=4776542
out_time=00:00:04.776542
dup_frames=0
drop_frames=0
speed=1.51x
progress=continue
bitrate=1536.0kbits/s
total_size=917096
out_time_us=4776542
out_time_ms=4776542
out_time=00:00:04.776542
dup_frames=0
drop_frames=0
speed=1.51x
progress=end
